# T9[GK]  Na<sig v> for (n,g) (n,p) (n,a) [mol-1 cm3 s-1]
  0.001  0.56103E+09  0.00000E+00  0.25834E-03
  0.005  0.38581E+09  0.00000E+00  0.17685E-03
  0.010  0.31372E+09  0.00000E+00  0.14291E-03
  0.050  0.20168E+09  0.00000E+00  0.86338E-04
  0.100  0.17595E+09  0.00000E+00  0.70986E-04
  0.150  0.16584E+09  0.00000E+00  0.64324E-04
  0.200  0.16072E+09  0.20635E-41  0.60857E-04
  0.250  0.15756E+09  0.33720E-35  0.58977E-04
  0.300  0.15513E+09  0.58939E-31  0.58020E-04
  0.400  0.15089E+09  0.48325E-25  0.57917E-04
  0.500  0.14706E+09  0.58163E-21  0.59728E-04
  0.600  0.14364E+09  0.56434E-18  0.63256E-04
  0.700  0.14061E+09  0.11686E-15  0.68425E-04
  0.800  0.13770E+09  0.86935E-14  0.75196E-04
  0.900  0.13439E+09  0.31052E-12  0.83449E-04
  1.000  0.12973E+09  0.63511E-11  0.92763E-04
  1.500  0.65288E+08  0.10286E-06  0.11841E-03
  2.000  0.19042E+08  0.15213E-04  0.15394E-03
  2.500  0.71279E+07  0.42440E-03  0.51474E-03
  3.000  0.35193E+07  0.53248E-02  0.30330E-02
  3.500  0.20844E+07  0.41225E-01  0.19037E-01
  4.000  0.13849E+07  0.23178E+00  0.10894E+00
  5.000  0.73626E+06  0.38464E+01  0.24279E+01
  6.000  0.43114E+06  0.33228E+02  0.31211E+02
  7.000  0.25523E+06  0.16656E+03  0.23452E+03
  8.000  0.15109E+06  0.53067E+03  0.10817E+04
  9.000  0.91316E+05  0.11937E+04  0.33686E+04
 10.000  0.57239E+05  0.20890E+04  0.78215E+04
