# Energy [MeV], best_fit, best_fit-2*sigma, best_fit-sigma, best_fit+sigma, best_fit+2*sigma, staterr
-8.433000000000000496e-01 nan nan nan nan nan nan
-7.212000000000000632e-01 nan nan nan nan nan nan
-5.991000000000000769e-01 nan nan nan nan nan nan
-4.770000000000000351e-01 nan nan nan nan nan nan
-3.549000000000000488e-01 nan nan nan nan nan nan
-2.328000000000000069e-01 nan nan nan nan nan nan
-1.107000000000000206e-01 nan nan nan nan nan nan
1.139999999999996572e-02 nan nan nan nan nan nan
1.334999999999999520e-01 nan nan nan nan nan nan
2.555999999999999384e-01 nan nan nan nan nan nan
3.777000000000000357e-01 nan nan nan nan nan nan
4.997999999999999110e-01 nan nan nan nan nan nan
6.219000000000000083e-01 nan nan nan nan nan nan
7.439999999999998836e-01 nan nan nan nan nan nan
8.660999999999999810e-01 nan nan nan nan nan nan
9.881999999999998563e-01 nan nan nan nan nan nan
1.110300000000000065e+00 nan nan nan nan nan nan
1.232399999999999718e+00 nan nan nan nan nan nan
1.354499999999999815e+00 1.579691899999999976e-08 1.069457401977243634e-08 1.324574650988621805e-08 1.688059473741888375e-08 1.796427047483776775e-08 4.152324299999999911e-10
1.476599999999999913e+00 2.123689800000000075e-08 1.454702832143400851e-08 1.789196316071700463e-08 2.250100000000000409e-08 2.376510200000000742e-08 5.143340200000000420e-10
1.598700000000000010e+00 2.059840800000000123e-08 1.427493457422091896e-08 1.743667128711046010e-08 2.182450299999999895e-08 2.305059799999999667e-08 4.719598599999999882e-10
1.720799999999999663e+00 2.368940100000000001e-08 1.660803544601667315e-08 2.014871822300833658e-08 2.509948499999999772e-08 2.650956899999999544e-08 6.354704500000000180e-10
1.842899999999999761e+00 2.299188599999999841e-08 1.630527902980065298e-08 1.964858251490032570e-08 2.436044999999999563e-08 2.572901399999999285e-08 6.070155999999999816e-10
1.964999999999999858e+00 2.295776500000000070e-08 1.646798279023314774e-08 1.971287389511657422e-08 2.432429899999999932e-08 2.569083299999999795e-08 6.757754899999999862e-10
2.087099999999999955e+00 2.712297199999999843e-08 1.967759463386236129e-08 2.340028331693117986e-08 2.873743600000000449e-08 3.035190000000001386e-08 8.322041400000000176e-10
2.209200000000000053e+00 2.756100599999999969e-08 2.022193503439597956e-08 2.389147051719798963e-08 2.920154299999999895e-08 3.084207999999999820e-08 9.143484299999999868e-10
2.331299999999999706e+00 3.192822700000000264e-08 2.368989873859757237e-08 2.780906286929878750e-08 3.382871600000000017e-08 3.572920499999999770e-08 1.093173100000000016e-09
2.453399999999999803e+00 3.452060000000000009e-08 2.589988962516469194e-08 3.021024481258234602e-08 3.657539699999999911e-08 3.863019399999999813e-08 1.270498500000000046e-09
2.575499999999999901e+00 4.034924599999999854e-08 3.060947577268262079e-08 3.547936088634130966e-08 4.275098700000000922e-08 4.515272800000001990e-08 1.653686500000000026e-09
2.697599999999999998e+00 4.129332999999999724e-08 3.167165542783607020e-08 3.648249271391803372e-08 4.375126399999999728e-08 4.620919799999999733e-08 1.653490899999999920e-09
2.819699999999999651e+00 4.329246999999999908e-08 3.356954555581163075e-08 3.843100777790581492e-08 4.586940200000000108e-08 4.844633400000000307e-08 1.944347999999999995e-09
2.941799999999999748e+00 4.515139900000000322e-08 3.539298055300963141e-08 4.027218977650481732e-08 4.783898399999999731e-08 5.052656899999999139e-08 2.135558199999999856e-09
3.063899999999999846e+00 4.952600799999999882e-08 3.924321966690187157e-08 4.438461383345093520e-08 5.247398599999999941e-08 5.542196400000000001e-08 2.332351400000000152e-09
3.185999999999999943e+00 5.102241100000000053e-08 4.086487743773068520e-08 4.594364421886534286e-08 5.405945899999999862e-08 5.709650699999999671e-08 2.548396799999999816e-09
3.308099999999999596e+00 5.237930600000000032e-08 4.240110629339051202e-08 4.739020614669525617e-08 5.549712200000000307e-08 5.861493800000000582e-08 2.659196200000000111e-09
3.430200000000000138e+00 5.294663600000000067e-08 4.327116922743703017e-08 4.810890261371851542e-08 5.609822299999999876e-08 5.924980999999999684e-08 2.992184099999999964e-09
3.552299999999999791e+00 5.372490699999999979e-08 4.424214346984129046e-08 4.898352523492064513e-08 5.692281800000000112e-08 6.012072900000000906e-08 3.196657199999999937e-09
3.674399999999999444e+00 5.457396300000000096e-08 4.528281076858967753e-08 4.992838688429483925e-08 5.782241500000000313e-08 6.107086699999999869e-08 3.307852399999999842e-09
3.796499999999999986e+00 5.496226099999999990e-08 4.595005343044757040e-08 5.045615721522378515e-08 5.823382300000000366e-08 6.150538500000001404e-08 3.365948399999999845e-09
3.918599999999999639e+00 5.120426000000000325e-08 4.313090114630067126e-08 4.716758057315033726e-08 5.425213300000000105e-08 5.730000599999999884e-08 3.254193400000000162e-09
4.040700000000000180e+00 5.465450999999999804e-08 4.638210488503457560e-08 5.051830744251728682e-08 5.790775500000000276e-08 6.116100000000000087e-08 3.792432599999999902e-09
4.162799999999999834e+00 6.095304199999999677e-08 5.211265769593817585e-08 5.653284984796908631e-08 6.458120100000000226e-08 6.820936000000000774e-08 4.541962399999999833e-09
4.284899999999999487e+00 6.780747700000000279e-08 5.840312620158590454e-08 6.310530160079295366e-08 7.184363699999999808e-08 7.587979699999999338e-08 5.004836499999999977e-09
4.407000000000000028e+00 8.222617300000000343e-08 7.134553629618637164e-08 7.678585464809318753e-08 8.712058999999999807e-08 9.201500699999999271e-08 6.281281699999999762e-09
4.529099999999999682e+00 7.833523300000000446e-08 6.829483870901689432e-08 7.331503585450844939e-08 8.299804200000000657e-08 8.766085100000000868e-08 6.111084499999999733e-09
4.651200000000000223e+00 8.237841300000000083e-08 7.215033371219369080e-08 7.726437335609684581e-08 8.728188999999999833e-08 9.218536699999999583e-08 6.254329099999999973e-09
4.773299999999999876e+00 9.672242400000000030e-08 8.520785199999995719e-08 9.096513799999997874e-08 1.024797200000000052e-07 1.082370160000000101e-07 8.112518700000000022e-09
4.895399999999999530e+00 9.391324299999999666e-08 8.273309499999996451e-08 8.832316899999998059e-08 9.950332500000000205e-08 1.050934070000000074e-07 8.511126899999999998e-09
5.017500000000000071e+00 9.336184800000000365e-08 8.224733999999998453e-08 8.780459399999999409e-08 9.891910199999999998e-08 1.044763559999999963e-07 8.772318899999999813e-09
5.139599999999999724e+00 1.337220099999999945e-07 1.178027300000000126e-07 1.257623700000000036e-07 1.416816500000000119e-07 1.496412900000000293e-07 1.180231299999999926e-08
5.261700000000000266e+00 1.483086399999999992e-07 1.306528599999999938e-07 1.394807499999999965e-07 1.571365400000000117e-07 1.659644400000000242e-07 1.486680699999999974e-08
5.383799999999999919e+00 1.460638400000000054e-07 1.286753000000000352e-07 1.373695700000000203e-07 1.547581300000000102e-07 1.634524200000000149e-07 1.574225699999999882e-08
5.505899999999999572e+00 1.138657699999999948e-07 1.003103300000000221e-07 1.070880500000000084e-07 1.206435100000000008e-07 1.274212499999999936e-07 1.394878900000000027e-08
5.628000000000000114e+00 1.470343999999999868e-07 1.295302999999999989e-07 1.382823499999999928e-07 1.557864500000000073e-07 1.645385000000000277e-07 1.826198900000000147e-08
5.750099999999999767e+00 1.684525400000000053e-07 1.483986800000000610e-07 1.584256100000000331e-07 1.784794799999999872e-07 1.885064199999999691e-07 2.200942899999999985e-08
5.872199999999999420e+00 1.750349700000000024e-07 1.541974699999999986e-07 1.646162200000000005e-07 1.857252655556087857e-07 1.964155611112175691e-07 2.578849500000000132e-08
5.994299999999999962e+00 2.403295100000000046e-07 2.117188499999999503e-07 2.260241799999999775e-07 2.554597035636537540e-07 2.705898971273075034e-07 9.210904799999999656e-08
6.116399999999999615e+00 nan nan nan nan nan nan
