# Energy [MeV], best_fit, best_fit-2*sigma, best_fit-sigma, best_fit+sigma, best_fit+2*sigma, staterr
-8.433000000000000496e-01 nan nan nan nan nan nan
-7.212000000000000632e-01 nan nan nan nan nan nan
-5.991000000000000769e-01 nan nan nan nan nan nan
-4.770000000000000351e-01 nan nan nan nan nan nan
-3.549000000000000488e-01 nan nan nan nan nan nan
-2.328000000000000069e-01 nan nan nan nan nan nan
-1.107000000000000206e-01 nan nan nan nan nan nan
1.139999999999996572e-02 nan nan nan nan nan nan
1.334999999999999520e-01 nan nan nan nan nan nan
2.555999999999999384e-01 nan nan nan nan nan nan
3.777000000000000357e-01 nan nan nan nan nan nan
4.997999999999999110e-01 nan nan nan nan nan nan
6.219000000000000083e-01 nan nan nan nan nan nan
7.439999999999998836e-01 nan nan nan nan nan nan
8.660999999999999810e-01 nan nan nan nan nan nan
9.881999999999998563e-01 nan nan nan nan nan nan
1.110300000000000065e+00 nan nan nan nan nan nan
1.232399999999999718e+00 nan nan nan nan nan nan
1.354499999999999815e+00 1.199025500000000038e-08 6.379526338372153661e-09 9.184890669186077023e-09 1.289717786140704818e-08 1.380410072281409598e-08 1.037921599999999962e-09
1.476599999999999913e+00 1.579287500000000105e-08 8.682564809281978249e-09 1.223771990464098965e-08 1.696825796876679462e-08 1.814364093753358819e-08 9.687071100000000070e-10
1.598700000000000010e+00 1.518898600000000006e-08 8.622802931789654953e-09 1.190589446589482751e-08 1.630447329757707411e-08 1.741996059515414816e-08 1.053761999999999902e-09
1.720799999999999663e+00 1.782598100000000084e-08 1.044303726629202269e-08 1.413450913314601176e-08 1.911900439772884204e-08 2.041202779545768325e-08 1.108846799999999964e-09
1.842899999999999761e+00 1.707140600000000150e-08 1.031408441774585245e-08 1.369274520887292698e-08 1.829426335645105451e-08 1.951712071290210752e-08 1.002937799999999973e-09
1.964999999999999858e+00 1.667038199999999906e-08 1.038108207181391011e-08 1.352573203590695459e-08 1.784945178547516668e-08 1.902852157095033429e-08 9.052015800000000454e-10
2.087099999999999955e+00 2.006068200000000131e-08 1.286881610964774852e-08 1.646474905482387491e-08 2.146144113865720668e-08 2.286220027731441205e-08 1.102124900000000027e-09
2.209200000000000053e+00 2.116018100000000034e-08 1.397586586948937774e-08 1.756802343474468904e-08 2.261863741636377902e-08 2.407709383272755769e-08 1.139842700000000101e-09
2.331299999999999706e+00 2.342581200000000042e-08 1.592217782306326025e-08 1.967399491153163033e-08 2.501931110714734554e-08 2.661281021429469067e-08 1.136577299999999985e-09
2.453399999999999803e+00 2.521013799999999974e-08 1.762472127540497181e-08 2.141742963770248578e-08 2.690232619117294364e-08 2.859451438234588753e-08 1.302090200000000062e-09
2.575499999999999901e+00 2.956861100000000002e-08 2.125288473577588882e-08 2.541074786788794442e-08 3.152676353820207007e-08 3.348491607640414343e-08 1.492003200000000004e-09
2.697599999999999998e+00 3.014930500000000211e-08 2.226964672546806233e-08 2.620947586273403222e-08 3.211882417391140987e-08 3.408834334782281762e-08 1.589267500000000065e-09
2.819699999999999651e+00 3.153510500000000119e-08 2.389832508187146608e-08 2.771671504093573363e-08 3.356682481045699477e-08 3.559854462091398835e-08 1.704301400000000031e-09
2.941799999999999748e+00 3.290119499999999725e-08 2.553406454842890156e-08 2.921762977421444940e-08 3.499139682665066040e-08 3.708159865330132355e-08 1.847865299999999897e-09
3.063899999999999846e+00 3.626316300000000087e-08 2.881195903399203802e-08 3.253756101699601944e-08 3.853445391126313301e-08 4.080574482252626514e-08 1.912448000000000136e-09
3.185999999999999943e+00 3.722705700000000139e-08 3.027145258461765889e-08 3.374925479230883014e-08 3.952536706904763051e-08 4.182367713809525962e-08 2.211236099999999901e-09
3.308099999999999596e+00 3.839449599999999885e-08 3.194360206832747794e-08 3.516904903416373839e-08 4.073052677926117644e-08 4.306655755852235403e-08 2.510479800000000143e-09
3.430200000000000138e+00 3.873089599999999781e-08 3.282165076766196510e-08 3.577627338383098146e-08 4.103630499999999895e-08 4.334171400000000008e-08 2.578105099999999992e-09
3.552299999999999791e+00 3.947279500000000297e-08 3.404004413619174078e-08 3.675641956809587187e-08 4.111887727012051713e-08 4.276495954024103129e-08 2.881197499999999966e-09
3.674399999999999444e+00 4.006707099999999687e-08 3.499740372041101608e-08 3.753223736020550648e-08 4.127689798528026165e-08 4.248672497056052642e-08 3.349855500000000065e-09
3.796499999999999986e+00 4.022979999999999936e-08 3.541971677620541307e-08 3.782475838810270622e-08 4.121980669397939315e-08 4.220981338795878693e-08 3.225623999999999903e-09
3.918599999999999639e+00 3.745156700000000106e-08 3.299304699999999483e-08 3.522230699999999795e-08 3.804255546307336127e-08 3.863354392614672148e-08 3.332332400000000155e-09
4.040700000000000180e+00 4.026481500000000082e-08 3.547138899999999541e-08 3.786810199999999811e-08 4.066976819605156430e-08 4.107472139210312778e-08 3.984279099999999938e-09
4.162799999999999834e+00 4.479493000000000260e-08 3.946220199999998458e-08 4.212856599999999359e-08 4.510800835914548869e-08 4.542108671829097477e-08 4.012896700000000259e-09
4.284899999999999487e+00 4.982408399999999700e-08 4.389265200000000292e-08 4.685836799999999996e-08 5.018219681307459758e-08 5.054030962614919816e-08 5.592395900000000185e-09
4.407000000000000028e+00 6.012871999999999872e-08 5.297054799999999322e-08 5.654963399999999597e-08 6.054740048530118886e-08 6.096608097060237901e-08 6.185935800000000153e-09
4.529099999999999682e+00 5.749071599999999725e-08 5.064659200000000575e-08 5.406865400000000150e-08 5.788222984734020710e-08 5.827374369468041695e-08 6.518455100000000349e-09
4.651200000000000223e+00 6.074311199999999934e-08 5.351178999999998898e-08 5.712745099999999416e-08 6.115456482768253317e-08 6.156601765536506701e-08 7.033116800000000021e-09
4.773299999999999876e+00 7.038215000000000267e-08 6.200332999999996894e-08 6.619273999999998581e-08 7.087627394509267093e-08 7.137039789018533919e-08 8.291738900000000218e-09
4.895399999999999530e+00 6.849740000000000295e-08 6.032401463463774420e-08 6.441070731731887357e-08 6.899957889302763065e-08 6.950175778605525834e-08 1.031771399999999997e-08
5.017500000000000071e+00 6.915394799999999505e-08 6.079274551240945330e-08 6.497334675620472418e-08 6.968737618092993801e-08 7.022080436185988097e-08 8.894191199999999837e-09
5.139599999999999724e+00 9.641426900000000200e-08 8.460424948105651796e-08 9.050925924052825998e-08 9.720303195761839932e-08 9.799179491523679665e-08 1.324338899999999979e-08
5.261700000000000266e+00 1.068832599999999951e-07 9.362196092208378869e-08 1.002526104610418919e-07 1.078274061714834947e-07 1.087715523429669944e-07 1.600351099999999855e-08
5.383799999999999919e+00 1.089355899999999985e-07 9.524725056200347475e-08 1.020914202810017366e-07 1.099713683582875093e-07 1.110071467165750201e-07 1.958066400000000053e-08
5.505899999999999572e+00 8.808974199999999386e-08 7.688164402799912952e-08 8.248569301399956169e-08 8.898878904897837576e-08 8.988783609795675766e-08 2.129254999999999964e-08
5.628000000000000114e+00 1.065119999999999945e-07 9.279188499129478540e-08 9.965194249564738995e-08 1.076759345919977222e-07 1.088398691839954500e-07 2.328076800000000064e-08
5.750099999999999767e+00 1.268741299999999968e-07 1.103310346518700460e-07 1.186025823259350214e-07 1.283745810971528512e-07 1.298750321943057055e-07 3.145411000000000027e-08
5.872199999999999420e+00 1.293900499999999920e-07 1.123148293410983930e-07 1.208524396705491925e-07 1.310553439209526702e-07 1.327206378419053485e-07 4.865968599999999946e-08
5.994299999999999962e+00 1.788672499999999899e-07 1.549811020467732149e-07 1.669241760233866024e-07 1.813190156373704407e-07 1.837707812747408916e-07 9.069962900000000238e-08
6.116399999999999615e+00 nan nan nan nan nan nan
