# T [GK], best_fit, best_fit-2*sigma, best_fit-sigma, best_fit+sigma, best_fit+2*sigma
1.000000000000000021e-02 1.272529999999999927e+04 1.243866051076763324e+04 1.258198025538381626e+04 1.354004667883019283e+04 1.435479335766038639e+04
5.000000000000000278e-02 3.656539999999999964e+03 3.567688454360741162e+03 3.612114227180370563e+03 3.911187741439608999e+03 4.165835482879218034e+03
1.000000000000000056e-01 2.255360000000000127e+03 2.200327096476495626e+03 2.227843548238247877e+03 2.413276752036971175e+03 2.571193504073942222e+03
1.499999999999999944e-01 1.735079999999999927e+03 1.692475301047854828e+03 1.713777650523927377e+03 1.857337511872017103e+03 1.979595023744034279e+03
2.000000000000000111e-01 1.455140000000000100e+03 1.419026363561276639e+03 1.437083181780638370e+03 1.558789626718307773e+03 1.662439253436615445e+03
2.500000000000000000e-01 1.274420000000000073e+03 1.242346255615084829e+03 1.258383127807542451e+03 1.366544392276919325e+03 1.458668784553838577e+03
2.999999999999999889e-01 1.143599999999999909e+03 1.114340562439085716e+03 1.128970281219542812e+03 1.227710721469622285e+03 1.311821442939244662e+03
4.000000000000000222e-01 9.594500000000000455e+02 9.339618766514872732e+02 9.467059383257436593e+02 1.032888003774047547e+03 1.106326007548095049e+03
5.000000000000000000e-01 8.324149999999999636e+02 8.093896647247654528e+02 8.209023323623827082e+02 8.989172100949680271e+02 9.654194201899360905e+02
5.999999999999999778e-01 7.385689999999999600e+02 7.172807192738241611e+02 7.279248596369120605e+02 8.002139599550037019e+02 8.618589199100074438e+02
6.999999999999999556e-01 6.661029999999999518e+02 6.461014709810632439e+02 6.561022354905315979e+02 7.241697366083408269e+02 7.822364732166817021e+02
8.000000000000000444e-01 6.080710000000000264e+02 5.890691743922380965e+02 5.985700871961190614e+02 6.633865810122401854e+02 7.187021620244803444e+02
9.000000000000000222e-01 5.600639999999999645e+02 5.418712312121093646e+02 5.509676156060546646e+02 6.131674864683764099e+02 6.662709729367528553e+02
1.000000000000000000e+00 5.191599999999999682e+02 5.016537295089998452e+02 5.104068647544999067e+02 5.704010992926705512e+02 6.216421985853411343e+02
1.500000000000000000e+00 3.686530000000000200e+02 3.539331931512203937e+02 3.612930965756102069e+02 4.123162512596796319e+02 4.559795025193592437e+02
2.000000000000000000e+00 2.541630000000000109e+02 2.424384602029633697e+02 2.483007301014816903e+02 2.894073354761265477e+02 3.246516709522530846e+02
2.500000000000000000e+00 1.629039999999999964e+02 1.543808346414548964e+02 1.586424173207274464e+02 1.888748485928485081e+02 2.148456971856970199e+02
3.000000000000000000e+00 9.907070000000000221e+01 9.327481419257848927e+01 9.617275709628924574e+01 1.169829328092953631e+02 1.348951656185907382e+02
3.500000000000000000e+00 5.926959999999999695e+01 5.543424368527986701e+01 5.735192184263993198e+01 7.129482519644933802e+01 8.332005039289867909e+01
4.000000000000000000e+00 3.575769999999999982e+01 3.322111794933067586e+01 3.448940897466533784e+01 4.382890676880673198e+01 5.190011353761346413e+01
5.000000000000000000e+00 1.377609999999999957e+01 1.262793709992345015e+01 1.320201854996172486e+01 1.754155446588302425e+01 2.130700893176604893e+01
6.000000000000000000e+00 5.487429999999999808e+00 4.963682442114645710e+00 5.225556221057322759e+00 7.256142565058492089e+00 9.024855130116984370e+00
7.000000000000000000e+00 1.591010000000000035e+00 1.420903448518518131e+00 1.505956724259259083e+00 2.181232301899441950e+00 2.771454603798884087e+00
8.000000000000000000e+00 2.096959999999999935e-01 1.850428238137974413e-01 1.973694119068987174e-01 2.973199335141089583e-01 3.849438670282179231e-01
9.000000000000000000e+00 2.345440000000000025e-02 2.046902380080278111e-02 2.196171190040139068e-02 3.429013130167302831e-02 4.512586260334605637e-02
1.000000000000000000e+01 3.386720000000000182e-03 2.925978254756089574e-03 3.156349127378044878e-03 5.089601053061486649e-03 6.792482106122973116e-03
