# # TkB (keV), bestfit, lower, upper
8.617333262145000505e-01 1.272529999999999927e+04 9.831340000000000146e+03 1.172850000000000000e+04
4.308666631072500586e+00 3.656539999999999964e+03 2.781440000000000055e+03 3.352230000000000018e+03
8.617333262145001171e+00 2.255360000000000127e+03 1.715890000000000100e+03 2.069199999999999818e+03
1.292599989321749909e+01 1.735079999999999927e+03 1.318700000000000045e+03 1.592890000000000100e+03
1.723466652429000234e+01 1.455140000000000100e+03 1.103710000000000036e+03 1.336569999999999936e+03
2.154333315536250026e+01 1.274420000000000073e+03 9.642259999999999991e+02 1.171240000000000009e+03
2.585199978643499819e+01 1.143599999999999909e+03 8.629299999999999500e+02 1.051750000000000000e+03
3.446933304858000469e+01 9.594500000000000455e+02 7.200510000000000446e+02 8.840979999999999563e+02
4.308666631072500053e+01 8.324149999999999636e+02 6.214320000000000164e+02 7.690710000000000264e+02
5.170399957286999637e+01 7.385689999999999600e+02 5.486100000000000136e+02 6.846209999999999809e+02
6.032133283501499932e+01 6.661029999999999518e+02 4.924139999999999873e+02 6.198460000000000036e+02
6.893866609716000937e+01 6.080710000000000264e+02 4.474399999999999977e+02 5.683329999999999700e+02
7.755599935930500521e+01 5.600639999999999645e+02 4.102629999999999768e+02 5.260059999999999718e+02
8.617333262145000106e+01 5.191599999999999682e+02 3.786190000000000282e+02 4.901650000000000205e+02
1.292599989321749945e+02 3.686530000000000200e+02 2.628609999999999900e+02 3.594100000000000250e+02
1.723466652429000021e+02 2.541630000000000109e+02 1.765300000000000011e+02 2.582339999999999804e+02
2.154333315536250097e+02 1.629039999999999964e+02 1.094789999999999992e+02 1.741370000000000005e+02
2.585199978643499890e+02 9.907070000000000221e+01 6.392419999999999902e+01 1.125000000000000000e+02
3.016066641750750250e+02 5.926959999999999695e+01 3.647229999999999706e+01 7.208450000000000557e+01
3.446933304858000042e+02 3.575769999999999982e+01 2.090030000000000143e+01 4.681230000000000047e+01
4.308666631072500195e+02 1.377609999999999957e+01 7.274250000000000327e+00 2.089570000000000149e+01
5.170399957286999779e+02 5.487429999999999808e+00 2.671060000000000212e+00 9.477040000000000575e+00
6.032133283501500500e+02 1.591010000000000035e+00 7.360470000000000068e-01 3.054139999999999855e+00
6.893866609716000085e+02 2.096959999999999935e-01 9.495449999999999724e-02 4.379359999999999919e-01
7.755599935930499669e+02 2.345440000000000025e-02 1.064290000000000028e-02 5.244660000000000294e-02
8.617333262145000390e+02 3.386720000000000182e-03 1.568649999999999992e-03 8.027879999999999391e-03
