# T [GK], best_fit, best_fit-2*sigma, best_fit-sigma, best_fit+sigma, best_fit+2*sigma
1.000000000000000021e-02 3.119920000000000000e+08 3.049633800990037918e+08 3.084776900495018959e+08 3.319664085978481174e+08 3.519408171956962347e+08
5.000000000000000278e-02 2.004610000000000000e+08 1.955891982853271961e+08 1.980250991426635981e+08 2.144214376930750310e+08 2.283818753861500621e+08
1.000000000000000056e-01 1.748590000000000000e+08 1.705934516956757903e+08 1.727262258478378952e+08 1.871024518570342362e+08 1.993459037140684724e+08
1.499999999999999944e-01 1.647550000000000000e+08 1.607098727188630104e+08 1.627324363594315052e+08 1.763642887952997386e+08 1.879735775905994773e+08
2.000000000000000111e-01 1.595480000000000000e+08 1.555905784008501172e+08 1.575692892004250586e+08 1.709136834366394579e+08 1.822793668732789159e+08
2.500000000000000000e-01 1.562270000000000000e+08 1.522953528327339888e+08 1.542611764163669944e+08 1.675204317620581090e+08 1.788138635241162181e+08
2.999999999999999889e-01 1.535700000000000000e+08 1.496423528327339888e+08 1.516061764163669944e+08 1.648664317620580792e+08 1.761628635241161585e+08
4.000000000000000222e-01 1.487740000000000000e+08 1.448211176054049730e+08 1.467975588027024865e+08 1.601608331017231643e+08 1.715476662034463286e+08
5.000000000000000000e-01 1.443110000000000000e+08 1.403192647644113898e+08 1.423151323822056949e+08 1.558396357810533345e+08 1.673682715621066689e+08
5.999999999999999778e-01 1.402620000000000000e+08 1.362197943097533584e+08 1.382408971548766792e+08 1.519691391302160025e+08 1.636762782604320049e+08
6.999999999999999556e-01 1.366360000000000000e+08 1.325327846505404115e+08 1.345843923252702057e+08 1.485471934841274917e+08 1.604583869682549834e+08
8.000000000000000444e-01 1.333440000000000000e+08 1.291772357867726088e+08 1.312606178933863044e+08 1.454740981729552746e+08 1.576041963459105492e+08
9.000000000000000222e-01 1.302660000000000000e+08 1.260356869230048656e+08 1.281508434615024328e+08 1.426180028617830276e+08 1.549700057235660553e+08
1.000000000000000000e+00 1.272840000000000000e+08 1.229926772637919188e+08 1.251383386318959594e+08 1.398470572156945169e+08 1.524101144313890338e+08
1.500000000000000000e+00 1.106970000000000000e+08 1.062771187408112586e+08 1.084870593704056293e+08 1.238080706123452932e+08 1.369191412246905863e+08
2.000000000000000000e+00 8.812530000000000000e+07 8.406038646884232759e+07 8.609284323442116380e+07 1.003459701727052927e+08 1.125666403454105854e+08
2.500000000000000000e+00 6.315010000000000000e+07 5.984659732270973921e+07 6.149834866135486960e+07 7.321806267183075845e+07 8.328602534366151690e+07
3.000000000000000000e+00 4.207070000000000000e+07 3.960937465400940180e+07 4.084003732700470090e+07 4.967723760184855759e+07 5.728377520369711518e+07
3.500000000000000000e+00 2.718570000000000000e+07 2.542645920092063397e+07 2.630607960046031699e+07 3.270135936415824294e+07 3.821701872831648588e+07
4.000000000000000000e+00 1.753370000000000000e+07 1.628982067926147580e+07 1.691176033963073790e+07 2.149136667633039877e+07 2.544903335266079754e+07
5.000000000000000000e+00 7.552420000000000000e+06 6.922934174848154187e+06 7.237677087424077094e+06 9.616697305523339659e+06 1.168097461104667932e+07
6.000000000000000000e+00 3.295480000000000000e+06 2.980943112995496020e+06 3.138211556497748010e+06 4.357674858460239135e+06 5.419869716920478269e+06
7.000000000000000000e+00 1.032040000000000000e+06 9.216941969351721928e+05 9.768670984675860964e+05 1.414899452311868314e+06 1.797758904623736627e+06
8.000000000000000000e+00 1.454150000000000000e+05 1.283196488290776033e+05 1.368673244145388016e+05 2.061783448287840874e+05 2.669416896575681749e+05
9.000000000000000000e+00 1.725120000000000073e+04 1.505541897284822699e+04 1.615330948642411386e+04 2.522110720844672687e+04 3.319101441689344938e+04
1.000000000000000000e+01 2.625750000000000000e+03 2.268537027691353615e+03 2.447143513845676807e+03 3.946003715595906215e+03 5.266257431191812429e+03
