# # T (GK), bestfit, lower, upper
1.000000000000000021e-02 3.119920000000000000e+08 2.410390000000000000e+08 2.875510000000000000e+08
5.000000000000000278e-02 2.004610000000000000e+08 1.524850000000000000e+08 1.837780000000000000e+08
1.000000000000000056e-01 1.748590000000000000e+08 1.330340000000000000e+08 1.604270000000000000e+08
1.499999999999999944e-01 1.647550000000000000e+08 1.252180000000000000e+08 1.512540000000000000e+08
2.000000000000000111e-01 1.595480000000000000e+08 1.210160000000000000e+08 1.465490000000000000e+08
2.500000000000000000e-01 1.562270000000000000e+08 1.182010000000000000e+08 1.435780000000000000e+08
2.999999999999999889e-01 1.535700000000000000e+08 1.158800000000000000e+08 1.412360000000000000e+08
4.000000000000000222e-01 1.487740000000000000e+08 1.116520000000000000e+08 1.370900000000000000e+08
5.000000000000000000e-01 1.443110000000000000e+08 1.077340000000000000e+08 1.333290000000000000e+08
5.999999999999999778e-01 1.402620000000000000e+08 1.041870000000000000e+08 1.300170000000000000e+08
6.999999999999999556e-01 1.366360000000000000e+08 1.010070000000000000e+08 1.271470000000000000e+08
8.000000000000000444e-01 1.333440000000000000e+08 9.811910000000000000e+07 1.246300000000000000e+08
9.000000000000000222e-01 1.302660000000000000e+08 9.542400000000000000e+07 1.223450000000000000e+08
1.000000000000000000e+00 1.272840000000000000e+08 9.282730000000000000e+07 1.201760000000000000e+08
1.500000000000000000e+00 1.106970000000000000e+08 7.893060000000000000e+07 1.079220000000000000e+08
2.000000000000000000e+00 8.812530000000000000e+07 6.120800000000000000e+07 8.953680000000000000e+07
2.500000000000000000e+00 6.315010000000000000e+07 4.243970000000000000e+07 6.750490000000000000e+07
3.000000000000000000e+00 4.207070000000000000e+07 2.714560000000000000e+07 4.777340000000000000e+07
3.500000000000000000e+00 2.718570000000000000e+07 1.672900000000000000e+07 3.306360000000000000e+07
4.000000000000000000e+00 1.753370000000000000e+07 1.024840000000000000e+07 2.295430000000000000e+07
5.000000000000000000e+00 7.552420000000000000e+06 3.987930000000000000e+06 1.145550000000000000e+07
6.000000000000000000e+00 3.295480000000000000e+06 1.604110000000000000e+06 5.691440000000000000e+06
7.000000000000000000e+00 1.032040000000000000e+06 4.774500000000000000e+05 1.981120000000000000e+06
8.000000000000000000e+00 1.454150000000000000e+05 6.584669999999999709e+04 3.036890000000000000e+05
9.000000000000000000e+00 1.725120000000000073e+04 7.828079999999999927e+03 3.857559999999999854e+04
1.000000000000000000e+01 2.625750000000000000e+03 1.216190000000000055e+03 6.224069999999999709e+03
